Získané dáta po spustení programu saveData.py.

Time(ms), PixelValue
0.00, [ 88  95 101]
16.67, [113 117 112]
33.33, [113 117 112]
50.00, [113 117 112]
66.67, [113 117 112]
83.33, [113 117 112]
100.00, [113 117 112]
116.67, [113 117 112]
133.33, [113 117 112]
150.00, [113 117 112]
166.67, [113 117 112]
183.33, [113 117 112]
200.00, [113 117 112]
216.67, [113 117 112]
233.33, [113 117 112]
250.00, [113 117 112]
266.67, [113 117 112]
283.33, [113 117 112]
300.00, [113 117 112]
316.67, [113 117 112]
333.33, [113 117 112]
350.00, [111 116 114]
366.67, [115 116 111]
383.33, [115 116 111]
400.00, [115 115 113]
416.67, [115 115 113]
433.33, [115 115 113]
450.00, [115 115 113]
466.67, [115 115 113]
483.33, [117 115 111]
500.00, [117 115 111]
516.67, [113 117 112]
533.33, [113 117 112]
550.00, [113 117 112]
566.67, [113 117 112]
583.33, [117 114 113]
600.00, [117 114 113]
616.67, [117 114 113]
633.33, [117 114 113]
650.00, [117 114 113]
666.67, [117 114 113]
683.33, [115 116 111]
700.00, [115 116 111]
716.67, [115 116 111]
733.33, [111 116 114]
750.00, [111 116 114]
766.67, [115 116 111]
783.33, [115 116 111]
800.00, [115 116 111]
816.67, [115 116 111]
833.33, [115 116 111]
850.00, [115 116 111]
866.67, [115 116 111]
883.33, [115 116 111]
900.00, [112 116 111]
916.67, [112 116 111]
933.33, [112 116 111]
950.00, [112 116 111]
966.67, [112 116 111]
983.33, [112 116 111]
1000.00, [113 117 112]
1016.67, [113 117 112]
1033.33, [113 117 112]
1050.00, [113 117 112]
1066.67, [113 117 112]
1083.33, [113 117 112]
1100.00, [115 116 111]
1116.67, [115 116 111]
1133.33, [115 116 111]
1150.00, [115 116 111]
1166.67, [115 116 111]
1183.33, [115 116 111]
1200.00, [115 116 111]
1216.67, [115 116 111]
1233.33, [115 116 111]
1250.00, [115 116 111]
1266.67, [115 116 111]
1283.33, [115 116 111]
1300.00, [115 116 111]
1316.67, [115 116 111]
1333.33, [115 116 111]
1350.00, [115 116 111]
1366.67, [115 116 111]
1383.33, [115 116 111]
1400.00, [115 116 111]
1416.67, [115 116 111]
1433.33, [115 116 111]
1450.00, [115 116 111]
1466.67, [115 116 111]
1483.33, [115 116 111]
1500.00, [115 116 111]
1516.67, [112 116 111]
1533.33, [112 116 111]
1550.00, [112 116 111]
1566.67, [113 117 112]
1583.33, [112 116 111]
1600.00, [112 116 111]
1616.67, [110 116 111]
1633.33, [112 116 111]
1650.00, [112 116 111]
1666.67, [113 117 112]
1683.33, [112 116 111]
1700.00, [112 116 111]
1716.67, [112 116 111]
1733.33, [112 116 111]
1750.00, [110 116 111]
1766.67, [112 116 111]
1783.33, [112 116 111]
1800.00, [112 116 111]
1816.67, [112 116 111]
1833.33, [112 116 111]
1850.00, [115 116 111]
1866.67, [117 115 111]
1883.33, [117 115 111]
1900.00, [112 116 111]
1916.67, [112 116 111]
1933.33, [112 116 111]
1950.00, [112 116 111]
1966.67, [112 116 111]
1983.33, [112 116 111]
2000.00, [110 115 113]
2016.67, [110 115 113]
2033.33, [110 115 113]
2050.00, [110 115 113]
2066.67, [110 115 113]
2083.33, [110 115 113]
2100.00, [110 115 113]
2116.67, [110 115 113]
2133.33, [110 115 113]
2150.00, [110 115 113]
2166.67, [110 115 113]
2183.33, [110 115 113]
2200.00, [110 116 111]
2216.67, [110 116 111]
2233.33, [110 116 111]
2250.00, [110 116 111]
2266.67, [110 116 111]
2283.33, [110 116 111]
2300.00, [110 116 111]
2316.67, [110 116 111]
2333.33, [112 116 111]
2350.00, [112 116 111]
2366.67, [112 116 111]
2383.33, [112 115 113]
2400.00, [112 115 113]
2416.67, [111 114 112]
2433.33, [111 114 112]
2450.00, [111 114 112]
2466.67, [112 115 113]
2483.33, [112 115 113]
2500.00, [112 115 113]
2516.67, [112 115 113]
2533.33, [112 115 113]
2550.00, [112 115 113]
2566.67, [112 115 113]
2583.33, [112 115 113]
2600.00, [112 115 113]
2616.67, [112 115 113]
2633.33, [112 116 111]
2650.00, [112 115 113]
2666.67, [112 115 113]
2683.33, [112 115 113]
2700.00, [112 116 111]
2716.67, [112 116 111]
2733.33, [112 116 111]
2750.00, [112 115 113]
2766.67, [112 115 113]
2783.33, [112 115 113]
2800.00, [112 116 111]
2816.67, [112 115 113]
2833.33, [112 116 111]
2850.00, [ 80  97 113]
2866.67, [ 66  92 116]
2883.33, [ 50  83 112]
2900.00, [ 41  79 114]
2916.67, [ 41  79 114]
2933.33, [ 41  79 114]
2950.00, [ 41  80 113]
2966.67, [ 41  80 113]
2983.33, [ 41  80 111]
3000.00, [ 38  82 114]
3016.67, [ 38  82 114]
3033.33, [ 38  82 114]
3050.00, [ 38  82 114]
3066.67, [ 38  82 114]
3083.33, [ 38  82 114]
3100.00, [ 38  82 114]
3116.67, [ 38  82 114]
3133.33, [ 41  83 115]
3150.00, [ 41  83 113]
3166.67, [ 41  83 113]
3183.33, [ 41  83 113]
3200.00, [ 41  83 115]
3216.67, [ 40  84 116]
3233.33, [ 40  84 116]
3250.00, [ 41  85 117]
3266.67, [ 41  85 117]
3283.33, [ 41  85 117]
3300.00, [ 42  86 118]
3316.67, [ 42  86 118]
3333.33, [ 42  86 118]
3350.00, [ 41  85 115]
3366.67, [ 41  85 115]
3383.33, [ 41  85 115]
3400.00, [ 43  85 115]
3416.67, [ 43  85 115]
3433.33, [ 43  85 115]
3450.00, [ 43  85 115]
3466.67, [ 44  86 116]
3483.33, [ 44  86 116]
3500.00, [ 44  86 116]
3516.67, [ 44  86 116]
3533.33, [ 44  86 116]
3550.00, [ 44  86 116]
3566.67, [ 44  86 116]
3583.33, [ 44  86 116]
3600.00, [ 46  85 116]
3616.67, [ 46  85 116]
3633.33, [ 46  85 116]
3650.00, [ 46  85 116]
3666.67, [ 46  85 116]
3683.33, [ 46  85 116]
3700.00, [ 46  85 116]
3716.67, [ 46  85 116]
3733.33, [ 46  85 116]
3750.00, [ 46  85 116]
3766.67, [ 46  85 116]
3783.33, [ 46  85 116]
3800.00, [ 48  86 114]
3816.67, [ 48  86 114]
3833.33, [ 48  86 114]
3850.00, [ 48  86 114]
3866.67, [ 48  86 114]
3883.33, [ 47  85 113]
3900.00, [ 47  85 113]
3916.67, [ 49  84 113]
3933.33, [ 49  84 113]
3950.00, [ 49  84 113]
3966.67, [ 49  84 113]
3983.33, [ 49  84 113]
4000.00, [ 49  84 113]
4016.67, [ 48  83 112]
4033.33, [ 48  83 112]
4050.00, [ 48  83 112]
4066.67, [ 48  83 112]
4083.33, [ 48  83 112]
4100.00, [ 48  83 112]
4116.67, [ 48  83 112]
4133.33, [ 48  83 112]
4150.00, [ 48  84 111]
4166.67, [ 48  84 111]
4183.33, [ 48  84 111]
4200.00, [ 48  83 112]
4216.67, [ 47  82 111]
4233.33, [ 48  83 112]
4250.00, [ 48  83 112]
4266.67, [ 48  83 112]
4283.33, [ 48  83 112]
4300.00, [ 48  83 112]
4316.67, [ 48  83 112]
4333.33, [ 48  83 112]
4350.00, [ 48  83 112]
4366.67, [ 48  83 112]
4383.33, [ 48  83 112]
4400.00, [ 48  84 111]
4416.67, [ 48  84 111]
4433.33, [ 48  83 112]
4450.00, [ 48  83 112]
4466.67, [ 51  85 112]
4483.33, [ 48  83 112]
4500.00, [ 48  83 112]
4516.67, [ 48  83 112]
4533.33, [ 49  85 112]
4550.00, [ 48  84 111]
4566.67, [ 48  84 111]
4583.33, [ 48  84 111]
4600.00, [ 50  84 111]
4616.67, [ 50  84 111]
4633.33, [ 50  84 111]
4650.00, [ 50  84 111]
4666.67, [ 51  85 112]
4683.33, [ 51  85 112]
4700.00, [ 51  85 112]
4716.67, [ 51  85 112]
4733.33, [ 51  85 112]
4750.00, [ 51  85 112]
4766.67, [ 51  85 112]
4783.33, [ 51  85 112]
4800.00, [ 50  84 111]
4816.67, [ 50  84 111]
4833.33, [ 50  84 111]
4850.00, [ 50  84 111]
4866.67, [ 50  84 111]
4883.33, [ 50  84 111]
4900.00, [ 50  84 111]
4916.67, [ 50  84 111]
4933.33, [ 51  85 112]
4950.00, [ 51  85 112]
4966.67, [ 51  85 112]
4983.33, [ 51  85 112]
5000.00, [ 51  85 112]
5016.67, [ 51  85 112]
5033.33, [ 51  85 112]
5050.00, [ 51  85 112]
5066.67, [ 51  85 112]
5083.33, [ 51  85 112]
5100.00, [ 51  85 112]
5116.67, [ 51  85 112]
5133.33, [ 51  85 112]
5150.00, [ 51  85 112]
5166.67, [ 51  85 112]
5183.33, [ 50  84 111]
5200.00, [ 51  85 112]
5216.67, [ 51  85 112]
5233.33, [ 51  85 112]
5250.00, [ 51  85 112]
5266.67, [ 51  85 112]
5283.33, [ 51  85 112]
5300.00, [ 51  85 112]
5316.67, [ 51  85 112]
5333.33, [ 51  85 112]
5350.00, [ 51  85 112]
5366.67, [ 51  85 112]
5383.33, [ 51  85 112]
5400.00, [ 51  85 112]
5416.67, [ 51  85 112]
5433.33, [ 51  85 112]
5450.00, [ 51  85 112]
5466.67, [ 51  85 112]
5483.33, [ 51  85 112]
5500.00, [ 51  85 112]
5516.67, [ 51  85 112]
5533.33, [ 51  85 112]
5550.00, [ 51  85 112]
5566.67, [ 51  85 112]
5583.33, [ 51  85 112]
5600.00, [ 51  85 112]
5616.67, [ 50  84 111]
5633.33, [ 51  85 112]
5650.00, [ 50  84 111]
5666.67, [ 50  84 111]
5683.33, [ 50  84 111]
5700.00, [ 50  84 111]
5716.67, [ 50  84 111]
5733.33, [ 50  84 111]
5750.00, [ 50  84 111]
5766.67, [ 50  84 111]
5783.33, [ 51  85 112]
5800.00, [ 51  85 112]
5816.67, [ 51  85 112]
5833.33, [ 51  85 112]
5850.00, [ 51  85 112]
5866.67, [ 50  84 111]
5883.33, [ 51  85 112]
5900.00, [ 51  85 112]
5916.67, [ 51  85 112]
5933.33, [ 51  85 112]
5950.00, [ 51  85 112]
5966.67, [ 51  85 112]
5983.33, [ 51  85 112]
6000.00, [ 51  85 112]
6016.67, [ 51  85 112]
6033.33, [ 51  85 112]
6050.00, [ 51  85 112]
6066.67, [ 51  85 112]
6083.33, [ 51  85 112]
6100.00, [ 51  85 112]
6116.67, [ 51  85 112]
6133.33, [ 51  85 112]
6150.00, [ 51  85 112]
6166.67, [ 51  85 112]
6183.33, [ 51  85 112]
6200.00, [ 51  85 112]
6216.67, [ 51  85 112]
6233.33, [ 51  85 112]
6250.00, [ 50  84 111]
6266.67, [ 50  84 111]
6283.33, [ 50  84 111]
6300.00, [ 50  84 111]
6316.67, [ 50  84 111]
6333.33, [ 50  84 111]
6350.00, [ 50  84 111]
6366.67, [ 51  85 112]
6383.33, [ 51  85 112]
6400.00, [ 51  85 112]
6416.67, [ 51  85 112]
6433.33, [ 51  85 112]
6450.00, [ 51  85 112]
6466.67, [ 51  85 112]
6483.33, [ 50  84 111]
6500.00, [ 50  84 111]
6516.67, [ 50  84 111]
6533.33, [ 50  84 111]
6550.00, [ 50  84 111]
6566.67, [ 50  84 111]
6583.33, [ 50  84 111]
6600.00, [ 51  85 112]
6616.67, [ 51  85 112]
6633.33, [ 51  85 112]
6650.00, [ 51  85 112]
6666.67, [ 51  85 112]
6683.33, [ 51  85 112]
6700.00, [ 50  84 111]
6716.67, [ 50  84 111]
6733.33, [ 50  84 111]
6750.00, [ 51  85 112]
6766.67, [ 51  85 112]
6783.33, [ 51  85 112]
6800.00, [ 51  85 112]
6816.67, [ 51  85 112]
6833.33, [ 51  85 112]
6850.00, [ 51  85 112]
6866.67, [ 51  85 112]
6883.33, [ 51  85 112]
6900.00, [ 51  85 112]
6916.67, [ 51  85 112]
6933.33, [ 51  85 112]
6950.00, [ 51  85 112]
6966.67, [ 51  85 112]
6983.33, [ 51  85 112]
7000.00, [ 51  85 112]
7016.67, [ 52  86 113]
7033.33, [ 52  86 113]
7050.00, [ 52  86 113]
7066.67, [ 52  86 113]
7083.33, [ 51  85 112]
7100.00, [ 51  85 112]
7116.67, [ 51  85 112]
7133.33, [ 51  85 112]
7150.00, [ 51  85 112]
7166.67, [ 51  85 112]
7183.33, [ 51  85 112]
7200.00, [ 51  85 112]
7216.67, [ 51  85 112]
7233.33, [ 51  85 112]
7250.00, [ 51  85 112]
7266.67, [ 51  85 112]
7283.33, [ 51  85 112]
7300.00, [ 51  85 112]
7316.67, [ 51  85 112]
7333.33, [ 51  85 112]
7350.00, [ 51  85 112]
7366.67, [ 51  85 112]
7383.33, [ 51  85 112]
7400.00, [ 51  85 112]
7416.67, [ 51  85 112]
7433.33, [ 51  85 112]
7450.00, [ 51  85 112]
7466.67, [ 51  85 112]
7483.33, [ 51  85 112]
7500.00, [ 51  85 112]
7516.67, [ 51  85 112]
7533.33, [ 51  85 112]
7550.00, [ 51  85 112]
7566.67, [ 51  85 112]
7583.33, [ 50  84 111]
7600.00, [ 50  84 111]
7616.67, [ 51  85 112]
7633.33, [ 52  86 113]
7650.00, [ 52  86 113]
7666.67, [ 54  88 115]
7683.33, [ 54  88 115]
7700.00, [ 54  88 115]
7716.67, [ 55  90 114]
7733.33, [ 55  90 114]
7750.00, [ 55  90 114]
7766.67, [ 55  90 114]
7783.33, [ 53  90 114]
7800.00, [ 54  89 118]
7816.67, [ 54  89 118]
7833.33, [ 54  89 118]
7850.00, [ 54  89 118]
7866.67, [ 54  89 118]
7883.33, [ 54  89 118]
7900.00, [ 54  89 118]
7916.67, [ 54  89 118]
7933.33, [ 54  89 118]
7950.00, [ 54  89 118]
7966.67, [ 54  90 117]
7983.33, [ 56  90 117]
8000.00, [ 53  90 114]
8016.67, [ 53  90 114]
8033.33, [ 53  90 114]
8050.00, [ 56  90 117]
8066.67, [ 56  90 117]
8083.33, [ 56  90 117]
8100.00, [ 56  90 117]
8116.67, [ 56  90 117]
8133.33, [ 56  90 117]
8150.00, [ 56  90 117]
8166.67, [ 55  89 116]
8183.33, [ 55  89 116]
8200.00, [ 56  90 117]
8216.67, [ 56  90 117]
8233.33, [ 56  90 117]
8250.00, [ 56  90 117]
8266.67, [ 56  90 117]
8283.33, [ 56  90 117]
8300.00, [ 56  90 117]
8316.67, [ 56  90 117]
8333.33, [ 56  90 117]
8350.00, [ 56  90 117]
8366.67, [ 56  90 117]
8383.33, [ 56  90 117]
8400.00, [ 54  89 118]
8416.67, [ 54  89 118]
8433.33, [ 54  89 118]
8450.00, [ 54  89 118]
8466.67, [ 56  90 117]
8483.33, [ 56  90 117]
8500.00, [ 56  90 117]
8516.67, [ 56  90 117]
8533.33, [ 56  90 117]
8550.00, [ 56  90 117]
8566.67, [ 56  90 117]
8583.33, [ 56  90 117]
8600.00, [ 56  90 117]
8616.67, [ 56  90 117]
8633.33, [ 56  90 117]
8650.00, [ 56  90 117]
8666.67, [ 56  90 117]
8683.33, [ 56  90 117]
8700.00, [ 56  90 117]
8716.67, [ 56  90 117]
8733.33, [ 55  89 116]
8750.00, [ 55  89 116]
8766.67, [ 56  90 117]
8783.33, [ 56  90 117]
8800.00, [ 54  86 113]
8816.67, [ 54  86 113]
8833.33, [ 54  86 113]
8850.00, [ 53  85 112]
8866.67, [ 53  85 112]
8883.33, [ 53  85 112]
8900.00, [ 53  85 112]
8916.67, [ 53  85 112]
8933.33, [ 53  85 112]
8950.00, [ 53  85 112]
8966.67, [ 53  85 112]
8983.33, [ 53  85 112]
9000.00, [ 50  84 111]
9016.67, [ 50  84 111]
9033.33, [ 50  84 111]
9050.00, [ 50  84 111]
9066.67, [ 50  84 111]
9083.33, [ 51  85 112]
9100.00, [ 51  85 112]
9116.67, [ 51  85 112]
9133.33, [ 51  85 112]
9150.00, [ 51  85 112]
9166.67, [ 51  85 112]
9183.33, [ 51  85 112]
9200.00, [ 50  84 111]
9216.67, [ 50  84 111]
9233.33, [ 51  85 112]
9250.00, [ 51  85 112]
9266.67, [ 51  85 112]
9283.33, [ 50  84 111]
9300.00, [ 51  85 112]
9316.67, [ 51  85 112]
9333.33, [ 51  85 112]
9350.00, [ 51  85 112]
9366.67, [ 51  85 112]
9383.33, [ 51  85 112]
9400.00, [ 50  84 111]
9416.67, [ 51  85 112]
9433.33, [ 51  85 112]
9450.00, [ 52  86 113]
9466.67, [ 53  89 116]
9483.33, [ 53  89 116]
9500.00, [ 54  90 117]
9516.67, [ 54  90 117]
9533.33, [ 54  89 118]
9550.00, [ 54  89 118]
9566.67, [ 54  89 118]
9583.33, [ 54  89 118]
9600.00, [ 54  89 118]
9616.67, [ 54  89 118]
9633.33, [ 54  89 118]
9650.00, [ 54  89 118]
9666.67, [ 54  89 118]
9683.33, [ 54  89 118]
9700.00, [ 54  89 118]
9716.67, [ 54  89 118]
9733.33, [ 54  89 118]
9750.00, [ 54  89 118]
9766.67, [ 54  89 118]
9783.33, [ 54  89 118]
9800.00, [ 54  89 118]
9816.67, [ 54  89 118]
9833.33, [ 54  89 118]
9850.00, [ 54  89 118]
9866.67, [ 54  89 118]
9883.33, [ 54  89 118]
9900.00, [ 54  89 118]
9916.67, [ 54  89 118]
9933.33, [ 54  89 118]
9950.00, [ 54  89 118]
9966.67, [ 54  89 118]
9983.33, [ 54  89 118]
10000.00, [ 54  90 117]
10016.67, [ 54  90 117]
10033.33, [ 54  90 117]
10050.00, [ 52  86 113]
10066.67, [ 51  85 112]
10083.33, [ 51  85 112]
10100.00, [ 50  84 111]
10116.67, [ 50  84 111]
10133.33, [ 50  84 111]
10150.00, [ 50  84 111]
10166.67, [ 51  85 112]
10183.33, [ 51  85 112]
10200.00, [ 51  85 112]
10216.67, [ 51  85 112]
10233.33, [ 51  85 112]
10250.00, [ 51  85 112]
10266.67, [ 51  85 112]
10283.33, [ 51  85 112]
10300.00, [ 51  85 112]
10316.67, [ 51  85 112]
10333.33, [ 51  85 112]
10350.00, [ 50  84 111]
10366.67, [ 50  84 111]
10383.33, [ 50  84 111]
10400.00, [ 51  85 112]
10416.67, [ 51  85 112]
10433.33, [ 51  85 112]
10450.00, [ 51  85 112]
10466.67, [ 51  85 112]
10483.33, [ 51  85 112]
10500.00, [ 51  85 112]
10516.67, [ 51  85 112]
10533.33, [ 51  85 112]
10550.00, [ 51  85 112]
10566.67, [ 51  85 112]
10583.33, [ 51  85 112]
10600.00, [ 51  85 112]
10616.67, [ 51  85 112]
10633.33, [ 51  85 112]
10650.00, [ 51  85 112]
10666.67, [ 51  85 112]
10683.33, [ 53  89 116]
10700.00, [ 53  89 116]
10716.67, [ 54  88 115]
10733.33, [ 54  89 118]
10750.00, [ 54  89 118]
10766.67, [ 54  89 118]
10783.33, [ 54  89 118]
10800.00, [ 56  90 117]
10816.67, [ 54  90 117]
10833.33, [ 54  90 117]
10850.00, [ 53  89 116]
10866.67, [ 54  88 120]
10883.33, [ 54  90 117]
10900.00, [ 54  89 118]
10916.67, [ 54  89 118]
10933.33, [ 54  90 117]
10950.00, [ 54  90 117]
10966.67, [ 54  90 117]
10983.33, [ 54  90 117]
11000.00, [ 54  89 118]
11016.67, [ 54  89 118]
11033.33, [ 54  89 118]
11050.00, [ 54  89 118]
11066.67, [ 54  89 118]
11083.33, [ 54  89 118]
11100.00, [ 54  89 118]
11116.67, [ 54  89 118]
11133.33, [ 54  89 118]
11150.00, [ 54  89 118]
11166.67, [ 54  88 120]
11183.33, [ 54  88 120]
11200.00, [ 54  89 118]
11216.67, [ 54  89 118]
11233.33, [ 54  89 118]
11250.00, [ 54  89 118]
11266.67, [ 54  88 120]
11283.33, [ 54  88 120]
11300.00, [ 54  88 120]
11316.67, [ 54  88 120]
11333.33, [ 54  88 120]
11350.00, [ 54  88 120]
11366.67, [ 54  88 120]
11383.33, [ 54  88 120]
11400.00, [ 54  89 118]
11416.67, [ 54  89 118]
11433.33, [ 54  89 118]
11450.00, [ 54  89 118]
11466.67, [ 54  89 118]
11483.33, [ 54  89 118]
11500.00, [ 54  89 118]
11516.67, [ 54  89 118]
11533.33, [ 54  89 118]
11550.00, [ 54  89 118]
11566.67, [ 54  89 118]
11583.33, [ 54  89 118]
11600.00, [ 54  89 118]
11616.67, [ 54  89 118]
11633.33, [ 54  89 118]
11650.00, [ 54  89 118]
11666.67, [ 54  89 118]
11683.33, [ 54  89 118]
11700.00, [ 54  89 118]
11716.67, [ 54  89 118]
11733.33, [ 54  89 118]
11750.00, [ 54  89 118]
11766.67, [ 54  89 118]
11783.33, [ 54  89 118]
11800.00, [ 56  90 117]
11816.67, [ 56  90 117]
11833.33, [ 54  86 113]
11850.00, [ 54  86 113]
11866.67, [ 52  86 113]
11883.33, [ 53  85 112]
11900.00, [ 53  85 112]
11916.67, [ 53  85 112]
11933.33, [ 53  85 112]
11950.00, [ 53  85 112]
11966.67, [ 51  85 112]
11983.33, [ 53  84 113]
12000.00, [ 51  85 112]
12016.67, [ 51  85 112]
12033.33, [ 51  85 112]
12050.00, [ 51  85 112]
12066.67, [ 51  85 112]
12083.33, [ 50  84 111]
12100.00, [ 50  84 111]
12116.67, [ 50  84 111]
12133.33, [ 50  84 111]
12150.00, [ 50  84 111]
12166.67, [ 51  85 112]
12183.33, [ 51  85 112]
12200.00, [ 51  85 112]
12216.67, [ 51  85 112]
12233.33, [ 51  85 112]
12250.00, [ 51  85 112]
12266.67, [ 51  85 112]
12283.33, [ 51  85 112]
12300.00, [ 52  86 113]
12316.67, [ 51  85 112]
12333.33, [ 51  85 112]
12350.00, [ 51  85 112]
12366.67, [ 51  85 112]
12383.33, [ 51  85 112]
12400.00, [ 50  84 111]
12416.67, [ 50  84 111]
12433.33, [ 50  84 111]
12450.00, [ 51  85 112]
12466.67, [ 51  85 112]
12483.33, [ 51  85 112]
12500.00, [ 52  86 113]
12516.67, [ 52  86 113]
12533.33, [ 53  85 112]
12550.00, [ 53  85 112]
12566.67, [ 53  85 112]
12583.33, [ 53  85 112]
12600.00, [ 53  85 112]
12616.67, [ 53  85 112]
12633.33, [ 53  85 112]
12650.00, [ 53  85 112]
12666.67, [ 53  85 112]
12683.33, [ 53  85 112]
12700.00, [ 53  85 112]
12716.67, [ 53  85 112]
12733.33, [ 53  85 112]
12750.00, [ 53  85 112]
12766.67, [ 53  85 112]
12783.33, [ 53  85 112]
12800.00, [ 51  85 112]
12816.67, [ 50  84 111]
12833.33, [ 50  84 111]
12850.00, [ 50  84 111]
12866.67, [ 50  84 111]
12883.33, [ 50  84 111]
12900.00, [ 50  84 111]
12916.67, [ 50  84 111]
12933.33, [ 50  84 111]
12950.00, [ 50  84 111]
12966.67, [ 50  84 111]
12983.33, [ 51  83 110]
13000.00, [ 49  82 111]
13016.67, [ 49  82 111]
13033.33, [ 49  82 111]
13050.00, [ 49  82 111]
13066.67, [ 49  82 111]
13083.33, [ 49  82 111]
13100.00, [ 49  82 111]
13116.67, [ 49  82 111]
13133.33, [ 49  83 110]
13150.00, [ 49  83 110]
13166.67, [ 49  83 110]
13183.33, [ 49  83 110]
13200.00, [ 49  83 110]
13216.67, [ 49  83 110]
13233.33, [ 49  83 110]
13250.00, [ 49  83 110]
13266.67, [ 49  83 110]
13283.33, [ 49  83 110]
13300.00, [ 49  83 110]
13316.67, [ 49  83 110]
13333.33, [ 49  83 110]
13350.00, [ 49  83 110]
13366.67, [ 49  83 110]
13383.33, [ 49  83 110]
13400.00, [ 49  83 110]
13416.67, [ 49  83 110]
13433.33, [ 49  83 110]
13450.00, [ 49  83 110]
13466.67, [ 49  83 110]
13483.33, [ 49  83 110]
13500.00, [ 49  83 110]
13516.67, [ 49  82 111]
13533.33, [ 49  81 113]
13550.00, [ 49  81 113]
13566.67, [ 49  81 113]
13583.33, [ 49  81 113]
13600.00, [ 51  81 113]
13616.67, [ 51  81 113]
13633.33, [ 51  82 111]
13650.00, [ 51  82 111]
13666.67, [ 49  82 111]
13683.33, [ 49  83 110]
13700.00, [ 49  83 110]
13716.67, [ 49  83 110]
13733.33, [ 49  83 110]
13750.00, [ 49  83 110]
13766.67, [ 49  83 110]
13783.33, [ 49  83 110]
13800.00, [ 50  84 111]
13816.67, [ 49  83 110]
13833.33, [ 49  83 110]
13850.00, [ 49  83 110]
13866.67, [ 49  83 110]
13883.33, [ 49  83 110]
13900.00, [ 49  83 110]
13916.67, [ 49  82 111]
13933.33, [ 49  82 111]
13950.00, [ 49  82 111]
13966.67, [ 49  82 111]
13983.33, [ 49  82 111]
14000.00, [ 48  81 110]
14016.67, [ 48  81 110]
14033.33, [ 48  81 110]
14050.00, [ 49  82 111]
14066.67, [ 49  82 111]
14083.33, [ 49  82 111]
14100.00, [ 49  82 111]
